6 6
0.0018116 6.8221e-09 1.74692e-09 7.01612e-09 -3.15399e-09 -1.25279e-08 
6.8221e-09 0.00181159 9.12699e-09 3.76087e-10 1.21491e-08 -3.16105e-09 
1.74692e-09 9.12699e-09 0.0018116 -3.15326e-09 -8.06957e-09 1.2708e-08 
7.01612e-09 3.76087e-10 -3.15326e-09 0.00181161 -5.21522e-09 3.06576e-09 
-3.15399e-09 1.21491e-08 -8.06957e-09 -5.21522e-09 0.00181161 3.10181e-09 
-1.25279e-08 -3.16105e-09 1.2708e-08 3.06576e-09 3.10181e-09 0.0018116 
