[
[ 20728.7 -971.601 7713.35 -3000.78 1651.18 -1523.84 -63.8335 -520.886 738.518 0 0 0 0 0 0 0 0 0 0 0 0 0 0 0 0 0 0 0 0 0 0 0 0 0 0 0 0 0 0 -7595.95 -825.765 -3345.24 0 0 0 3788.5 -383.201 2913.16 -10081.5 1560.1 -4012.08 0 0 0 2383.12 655.285 1644.73 0 0 0 882.784 43.0388 -1096.78 -3043.47 -947.767 -563.487 0 0 0 0 0 0 0 0 0 0 0 0 0 0 0 0 0 0 0 0 0 200.853 -427.766 366.865 0 0 0 -4198.45 167.386 -2835.19 0 0 0 0 0 0 0 0 0 0 0 0 0 0 0 0 0 0 0 0 0 0 0 0 0 0 0 0 0 0 ]
[ -971.601 23247.5 -3813.52 1615.5 -5487.69 3026.36 -520.886 -155.491 412.458 0 0 0 0 0 0 0 0 0 0 0 0 0 0 0 0 0 0 0 0 0 0 0 0 0 0 0 0 0 0 -682.943 -6239.39 490.859 0 0 0 -383.201 3429.79 -1395.2 1560.1 -13495.4 1382.43 0 0 0 655.285 3103.73 493.445 0 0 0 43.0388 1908.83 -1340 -1071.07 -1705.13 -312.752 0 0 0 0 0 0 0 0 0 0 0 0 0 0 0 0 0 0 0 0 0 -547.745 -838.796 486.771 0 0 0 303.522 -3767.94 569.166 0 0 0 0 0 0 0 0 0 0 0 0 0 0 0 0 0 0 0 0 0 0 0 0 0 0 0 0 0 0 ]
[ 7713.35 -3813.52 31805.3 -1716.86 3440.91 -5770.55 738.518 412.458 -2956.13 0 0 0 0 0 0 0 0 0 0 0 0 0 0 0 0 0 0 0 0 0 0 0 0 0 0 0 0 0 0 -3101.56 613.81 -12402.2 0 0 0 2913.16 -1395.2 6638.7 -4012.08 1382.43 -15904.4 0 0 0 1644.73 493.445 7920.03 0 0 0 -1096.78 -1340 -363.606 -865.838 -285.798 -1553.73 0 0 0 0 0 0 0 0 0 0 0 0 0 0 0 0 0 0 0 0 0 281.487 213.93 803.877 0 0 0 -2498.12 277.548 -8217.25 0 0 0 0 0 0 0 0 0 0 0 0 0 0 0 0 0 0 0 0 0 0 0 0 0 0 0 0 0 0 ]
[ -3000.78 1615.5 -1716.86 10341.1 -490.081 2028.98 -524.01 1160.46 1179.58 0 0 0 0 0 0 0 0 0 -3128.5 332.275 -2075.79 0 0 0 0 0 0 0 0 0 0 0 0 0 0 0 0 0 0 -2489.99 -561.911 -416.51 0 0 0 0 0 0 0 0 0 0 0 0 0 0 0 0 0 0 748.059 -526.903 -418.841 -1311.15 -1229.62 668.396 -634.735 -299.715 751.053 0 0 0 0 0 0 0 0 0 0 0 0 0 0 0 0 0 0 0 0 0 0 0 0 0 0 0 0 0 0 0 0 0 0 0 0 0 0 0 0 0 0 0 0 0 0 0 0 0 0 0 0 0 0 0 0 0 ]
[ 1651.18 -5487.69 3440.91 -490.081 10696.4 -2993.37 1160.46 774.359 -745.685 0 0 0 0 0 0 0 0 0 110.679 -877.667 -118.464 0 0 0 0 0 0 0 0 0 0 0 0 0 0 0 0 0 0 -290.556 -230.943 -75.4972 0 0 0 0 0 0 0 0 0 0 0 0 0 0 0 0 0 0 -526.903 -1683.61 -1285.42 -1425.43 -1463.33 356.946 -189.345 -1727.53 1420.57 0 0 0 0 0 0 0 0 0 0 0 0 0 0 0 0 0 0 0 0 0 0 0 0 0 0 0 0 0 0 0 0 0 0 0 0 0 0 0 0 0 0 0 0 0 0 0 0 0 0 0 0 0 0 0 0 0 ]
[ -1523.84 3026.36 -5770.55 2028.98 -2993.37 13286.4 1179.58 -745.685 1300.39 0 0 0 0 0 0 0 0 0 -2335.66 94.6205 -2694.58 0 0 0 0 0 0 0 0 0 0 0 0 0 0 0 0 0 0 -202.507 -80.087 -189.982 0 0 0 0 0 0 0 0 0 0 0 0 0 0 0 0 0 0 -418.841 -1285.42 -1275.62 551.626 164.944 -153.547 720.654 1818.63 -4502.5 0 0 0 0 0 0 0 0 0 0 0 0 0 0 0 0 0 0 0 0 0 0 0 0 0 0 0 0 0 0 0 0 0 0 0 0 0 0 0 0 0 0 0 0 0 0 0 0 0 0 0 0 0 0 0 0 0 ]
[ -63.8335 -520.886 738.518 -524.01 1160.46 1179.58 32641 550.874 3402.41 0 0 0 0 0 0 0 0 0 0 0 0 -14959.3 484.631 2666.4 0 0 0 0 0 0 -2747.22 -45.7094 -2033.36 0 0 0 2280.61 -1194.81 1084.36 -1222.4 -2019.79 -1205.22 0 0 0 -6893.55 1591.39 -3273.07 248.39 41.2521 237.395 0 0 0 0 0 0 0 0 0 -7419.92 -1843.79 -1476.76 0 0 0 -1339.79 1796.38 -1320.25 0 0 0 0 0 0 0 0 0 0 0 0 0 0 0 0 0 0 0 0 0 0 0 0 0 0 0 0 0 0 0 0 0 0 0 0 0 0 0 0 0 0 0 0 0 0 0 0 0 0 0 0 0 0 0 0 0 ]
[ -520.886 -155.491 412.458 1160.46 774.359 -745.685 550.874 16537 -840.791 0 0 0 0 0 0 0 0 0 0 0 0 316.203 -4940.21 -99.4417 0 0 0 0 0 0 -31.4067 -2215.38 -422.143 0 0 0 -1194.81 -36.4731 1133.92 -2019.79 -1043.97 -1784.87 0 0 0 1372.01 -3557.11 1036.4 117.146 -1214.48 949.695 0 0 0 0 0 0 0 0 0 -1546.17 -2538.96 -490.744 0 0 0 1796.38 -1609.27 851.204 0 0 0 0 0 0 0 0 0 0 0 0 0 0 0 0 0 0 0 0 0 0 0 0 0 0 0 0 0 0 0 0 0 0 0 0 0 0 0 0 0 0 0 0 0 0 0 0 0 0 0 0 0 0 0 0 0 ]
[ 738.518 412.458 -2956.13 1179.58 -745.685 1300.39 3402.41 -840.791 22833.5 0 0 0 0 0 0 0 0 0 0 0 0 2662.98 -211.131 -5665.62 0 0 0 0 0 0 -1943.67 -624.986 -6803.18 0 0 0 1084.36 1133.92 50.1789 -1205.22 -1784.87 -352.411 0 0 0 -3358.25 1161.43 -5425.92 163.563 1176.36 -1008.62 0 0 0 0 0 0 0 0 0 -1404.02 -527.92 -1890.63 0 0 0 -1320.25 851.204 -81.5164 0 0 0 0 0 0 0 0 0 0 0 0 0 0 0 0 0 0 0 0 0 0 0 0 0 0 0 0 0 0 0 0 0 0 0 0 0 0 0 0 0 0 0 0 0 0 0 0 0 0 0 0 0 0 0 0 0 ]
[ 0 0 0 0 0 0 0 0 0 5364.03 98.1783 -1234.98 0 0 0 0 0 0 0 0 0 0 0 0 0 0 0 0 0 0 0 0 0 998.532 -1589.3 1962.15 0 0 0 0 0 0 0 0 0 0 0 0 0 0 0 0 0 0 0 0 0 0 0 0 0 0 0 348.61 -544.198 4.58519 0 0 0 0 0 0 0 0 0 0 0 0 617.279 25.8879 -456.873 0 0 0 0 0 0 -320.183 -330.245 -832.322 -2279.92 1732.86 306.027 0 0 0 -159.849 109.046 -136.484 0 0 0 -4568.5 497.776 387.901 0 0 0 0 0 0 0 0 0 0 0 0 0 0 0 0 0 0 0 0 0 ]
[ 0 0 0 0 0 0 0 0 0 98.1782 5372.22 -596.615 0 0 0 0 0 0 0 0 0 0 0 0 0 0 0 0 0 0 0 0 0 -1589.3 2508.96 347.217 0 0 0 0 0 0 0 0 0 0 0 0 0 0 0 0 0 0 0 0 0 0 0 0 0 0 0 -113.805 -2156.52 624.122 0 0 0 0 0 0 0 0 0 0 0 0 197.238 61.5791 510.903 0 0 0 0 0 0 -242.937 -679.597 -533.546 1445.16 -3588.61 -749.403 0 0 0 -33.6529 564.805 -302.055 0 0 0 239.118 -2082.83 699.377 0 0 0 0 0 0 0 0 0 0 0 0 0 0 0 0 0 0 0 0 0 ]
[ 0 0 0 0 0 0 0 0 0 -1234.98 -596.615 4388.1 0 0 0 0 0 0 0 0 0 0 0 0 0 0 0 0 0 0 0 0 0 1962.15 347.217 -258.365 0 0 0 0 0 0 0 0 0 0 0 0 0 0 0 0 0 0 0 0 0 0 0 0 0 0 0 -164.687 877.556 -328.366 0 0 0 0 0 0 0 0 0 0 0 0 -887.47 539.489 -1160.26 0 0 0 0 0 0 -553.308 -268.374 287.132 378.844 -1033.88 -1550.42 0 0 0 -40.0293 -271.017 303.247 0 0 0 539.483 405.619 -1681.07 0 0 0 0 0 0 0 0 0 0 0 0 0 0 0 0 0 0 0 0 0 ]
[ 0 0 0 0 0 0 0 0 0 0 0 0 1.00008e+08 781.139 -319.339 -2035.32 -792.369 1252.05 0 0 0 0 0 0 0 0 0 0 0 0 0 0 0 0 0 0 0 0 0 0 0 0 0 0 0 0 0 0 0 0 0 0 0 0 0 0 0 -514.893 -110.286 -405.461 0 0 0 0 0 0 0 0 0 -860.149 -108.68 -918.697 0 0 0 0 0 0 0 0 0 -878.493 2003.54 371.386 48.188 536.164 -445.427 0 0 0 0 0 0 0 0 0 0 0 0 0 0 0 0 0 0 0 0 0 0 0 0 0 0 0 -872.632 -829.779 196.531 -305.205 -307.212 326.427 -2840.87 -1291.86 -729.365 -117.255 119.343 671.898 ]
[ 0 0 0 0 0 0 0 0 0 0 0 0 781.139 1.00009e+08 301.377 -479.228 -345.594 247.908 0 0 0 0 0 0 0 0 0 0 0 0 0 0 0 0 0 0 0 0 0 0 0 0 0 0 0 0 0 0 0 0 0 0 0 0 0 0 0 -156.876 -109.363 423.836 0 0 0 0 0 0 0 0 0 85.9819 332.486 71.2538 0 0 0 0 0 0 0 0 0 2003.54 -614.565 -530.394 575.672 -533.621 1242.61 0 0 0 0 0 0 0 0 0 0 0 0 0 0 0 0 0 0 0 0 0 0 0 0 0 0 0 -829.779 -5074.62 103.183 -455.283 -251.424 623.524 -1644.51 -1529.44 -659.006 119.343 -1106.73 -1824.29 ]
[ 0 0 0 0 0 0 0 0 0 0 0 0 -319.339 301.377 1.00008e+08 1303.49 504.983 -910.421 0 0 0 0 0 0 0 0 0 0 0 0 0 0 0 0 0 0 0 0 0 0 0 0 0 0 0 0 0 0 0 0 0 0 0 0 0 0 0 -594.544 756.68 -1525.29 0 0 0 0 0 0 0 0 0 -708.594 -64.8533 85.0473 0 0 0 0 0 0 0 0 0 371.386 -530.394 876.57 -338.617 914.07 -1251.61 0 0 0 0 0 0 0 0 0 0 0 0 0 0 0 0 0 0 0 0 0 0 0 0 0 0 0 196.531 103.183 -645.473 305.408 426.787 -363.679 -887.613 -587.543 -1049.25 671.898 -1824.29 -2792.81 ]
[ 0 0 0 0 0 0 0 0 0 0 0 0 -2035.32 -479.228 1303.49 16871 2107.2 -2409.07 0 0 0 -6424.49 -1225.64 -713.151 0 0 0 0 0 0 0 0 0 0 0 0 1118.84 1217.99 -1499.89 -2945.87 1305.23 1926.44 0 0 0 -2904.1 -1483.83 1331.47 0 0 0 0 0 0 -1309.64 43.9976 700.13 100.169 211.293 -960.044 0 0 0 0 0 0 0 0 0 -2024.23 79.607 1244.31 0 0 0 0 0 0 0 0 0 61.2842 -925.373 94.5776 0 0 0 0 0 0 0 0 0 0 0 0 0 0 0 0 0 0 0 0 0 0 0 0 0 0 0 0 0 0 0 0 0 0 0 0 0 0 0 -507.643 -851.237 -1018.27 ]
[ 0 0 0 0 0 0 0 0 0 0 0 0 -792.369 -345.594 504.983 2107.2 11945.1 -766.567 0 0 0 -1050.96 -2264.54 -470.299 0 0 0 0 0 0 0 0 0 0 0 0 1217.99 612.55 723.245 1305.23 -1264.53 -1302.47 0 0 0 -1278.15 -1742.55 535.457 0 0 0 0 0 0 182.455 -1826.62 827.633 14.5912 741.381 231.127 0 0 0 0 0 0 0 0 0 70.6307 -1633.08 277.499 0 0 0 0 0 0 0 0 0 -925.373 -3347.64 1208.42 0 0 0 0 0 0 0 0 0 0 0 0 0 0 0 0 0 0 0 0 0 0 0 0 0 0 0 0 0 0 0 0 0 0 0 0 0 0 0 -851.237 -874.438 -1769.02 ]
[ 0 0 0 0 0 0 0 0 0 0 0 0 1252.05 247.908 -910.421 -2409.07 -766.567 16385.2 0 0 0 -580.981 -532.453 -2015.32 0 0 0 0 0 0 0 0 0 0 0 0 -1499.89 723.245 1176.81 1926.44 -1302.47 -2390.06 0 0 0 1347.46 663.31 -1428.58 0 0 0 0 0 0 619.4 1146.86 -5925.56 -1109.67 426.493 913.309 0 0 0 0 0 0 0 0 0 1377.95 -45.7193 -5261.75 0 0 0 0 0 0 0 0 0 94.5776 1208.42 416.594 0 0 0 0 0 0 0 0 0 0 0 0 0 0 0 0 0 0 0 0 0 0 0 0 0 0 0 0 0 0 0 0 0 0 0 0 0 0 0 -1018.27 -1769.03 -960.22 ]
[ 0 0 0 -3128.5 110.679 -2335.66 0 0 0 0 0 0 0 0 0 0 0 0 10412 159.618 796.808 0 0 0 614.844 76.1007 1385.44 0 0 0 0 0 0 0 0 0 0 0 0 0 0 0 0 0 0 0 0 0 0 0 0 0 0 0 0 0 0 0 0 0 -1654.34 2596.44 -50.9937 -958.27 -568.065 450.412 -4314.7 -1319.1 208.03 0 0 0 -971.002 -1055.68 -454.044 0 0 0 0 0 0 0 0 0 0 0 0 0 0 0 0 0 0 0 0 0 0 0 0 0 0 0 0 0 0 0 0 0 0 0 0 0 0 0 0 0 0 0 0 0 0 0 0 0 0 0 ]
[ 0 0 0 332.275 -877.667 94.6205 0 0 0 0 0 0 0 0 0 0 0 0 159.618 8558.16 -472.717 0 0 0 228.722 618.989 -252.766 0 0 0 0 0 0 0 0 0 0 0 0 0 0 0 0 0 0 0 0 0 0 0 0 0 0 0 0 0 0 0 0 0 2596.44 -2321.56 -278.568 -919.439 -3030.44 1921.03 -871.288 -1059.34 -61.6623 0 0 0 -1526.33 -1888.15 -949.939 0 0 0 0 0 0 0 0 0 0 0 0 0 0 0 0 0 0 0 0 0 0 0 0 0 0 0 0 0 0 0 0 0 0 0 0 0 0 0 0 0 0 0 0 0 0 0 0 0 0 0 ]
[ 0 0 0 -2075.79 -118.464 -2694.58 0 0 0 0 0 0 0 0 0 0 0 0 796.808 -472.717 7335.33 0 0 0 1073.79 73.4054 -1358.63 0 0 0 0 0 0 0 0 0 0 0 0 0 0 0 0 0 0 0 0 0 0 0 0 0 0 0 0 0 0 0 0 0 -50.9937 -278.568 702.121 660.507 1658.06 -2493.27 162.219 -78.9364 -588.085 0 0 0 -566.54 -782.775 -902.884 0 0 0 0 0 0 0 0 0 0 0 0 0 0 0 0 0 0 0 0 0 0 0 0 0 0 0 0 0 0 0 0 0 0 0 0 0 0 0 0 0 0 0 0 0 0 0 0 0 0 0 ]
[ 0 0 0 0 0 0 -14959.3 316.203 2662.98 0 0 0 0 0 0 -6424.49 -1050.96 -580.981 0 0 0 23854 204.357 -1739.86 0 0 0 0 0 0 -1142.88 -263.494 -795.102 0 0 0 -2103.22 331.375 -358.936 2095.89 229.415 182.864 0 0 0 7.87219 225.696 -306.114 0 0 0 0 0 0 0 0 0 0 0 0 0 0 0 0 0 0 0 0 0 -1327.94 7.40668 935.149 0 0 0 0 0 0 0 0 0 0 0 0 0 0 0 0 0 0 0 0 0 0 0 0 0 0 0 0 0 0 0 0 0 0 0 0 0 0 0 0 0 0 0 0 0 0 0 0 0 0 0 0 0 0 ]
[ 0 0 0 0 0 0 484.631 -4940.21 -211.131 0 0 0 0 0 0 -1225.64 -2264.54 -532.453 0 0 0 204.357 11084.9 -338.366 0 0 0 0 0 0 -144.747 -560.259 -115.239 0 0 0 331.375 -1915.18 523.576 229.415 589.194 -669.369 0 0 0 255.471 -1541.54 1169.62 0 0 0 0 0 0 0 0 0 0 0 0 0 0 0 0 0 0 0 0 0 -134.86 -452.321 173.361 0 0 0 0 0 0 0 0 0 0 0 0 0 0 0 0 0 0 0 0 0 0 0 0 0 0 0 0 0 0 0 0 0 0 0 0 0 0 0 0 0 0 0 0 0 0 0 0 0 0 0 0 0 0 ]
[ 0 0 0 0 0 0 2666.4 -99.4417 -5665.62 0 0 0 0 0 0 -713.151 -470.299 -2015.32 0 0 0 -1739.86 -338.366 13653 0 0 0 0 0 0 -657.613 -253.532 -1801.95 0 0 0 -358.936 523.577 -280.445 182.864 -669.369 326.104 0 0 0 -366.786 1317.91 -2450.59 0 0 0 0 0 0 0 0 0 0 0 0 0 0 0 0 0 0 0 0 0 987.078 -10.4828 -1765.16 0 0 0 0 0 0 0 0 0 0 0 0 0 0 0 0 0 0 0 0 0 0 0 0 0 0 0 0 0 0 0 0 0 0 0 0 0 0 0 0 0 0 0 0 0 0 0 0 0 0 0 0 0 0 ]
[ 0 0 0 0 0 0 0 0 0 0 0 0 0 0 0 0 0 0 614.844 228.722 1073.79 0 0 0 8604.96 -172.933 1451.38 -2571.89 902.815 -305.155 -2323.91 729.034 -1824.06 0 0 0 -1009.41 -568.979 -554.589 0 0 0 -1974.67 271.558 1118.81 0 0 0 0 0 0 0 0 0 0 0 0 0 0 0 1447.18 503.319 -240.053 0 0 0 -1345.23 -593.369 -1376.97 0 0 0 -2216.03 -1237.02 376.015 774.169 -63.15 280.828 0 0 0 0 0 0 0 0 0 0 0 0 0 0 0 0 0 0 0 0 0 0 0 0 0 0 0 0 0 0 0 0 0 0 0 0 0 0 0 0 0 0 0 0 0 0 0 0 ]
[ 0 0 0 0 0 0 0 0 0 0 0 0 0 0 0 0 0 0 76.1007 618.989 73.4054 0 0 0 -172.933 9501.36 -1886.73 980.291 -5962.61 -730.044 729.034 -282.175 939.409 0 0 0 -334.209 162.655 -162.735 0 0 0 346.869 -599.411 -307.94 0 0 0 0 0 0 0 0 0 0 0 0 0 0 0 503.319 -367.792 2761.24 0 0 0 -380.733 -875.615 -592.701 0 0 0 -1624.81 -2564.67 464.624 -122.924 369.275 -558.534 0 0 0 0 0 0 0 0 0 0 0 0 0 0 0 0 0 0 0 0 0 0 0 0 0 0 0 0 0 0 0 0 0 0 0 0 0 0 0 0 0 0 0 0 0 0 0 0 ]
[ 0 0 0 0 0 0 0 0 0 0 0 0 0 0 0 0 0 0 1385.44 -252.766 -1358.63 0 0 0 1451.38 -1886.73 12514.3 -659.262 -421.997 -6074.54 -1824.06 939.409 -466.27 0 0 0 -749.496 -296.012 572.539 0 0 0 828.059 -190.532 -852.154 0 0 0 0 0 0 0 0 0 0 0 0 0 0 0 -240.053 2761.24 -970.445 0 0 0 -1338.97 -966.799 -3158.87 0 0 0 827.797 486.447 -3115.83 319.163 -172.265 2909.94 0 0 0 0 0 0 0 0 0 0 0 0 0 0 0 0 0 0 0 0 0 0 0 0 0 0 0 0 0 0 0 0 0 0 0 0 0 0 0 0 0 0 0 0 0 0 0 0 ]
[ 0 0 0 0 0 0 0 0 0 0 0 0 0 0 0 0 0 0 0 0 0 0 0 0 -2571.89 980.291 -659.262 13992.4 -2961.47 134.172 -1328.9 -587.115 -686.463 7237.12 -4270.26 -52.7404 0 0 0 0 0 0 -116.299 -329.753 -244.833 0 0 0 0 0 0 0 0 0 0 0 0 0 0 0 -11848.5 5630.63 1561.26 0 0 0 0 0 0 0 0 0 78.6279 467.387 1019.39 -5442.5 1070.29 -1071.52 0 0 0 0 0 0 0 0 0 0 0 0 0 0 0 0 0 0 0 0 0 0 0 0 0 0 0 0 0 0 0 0 0 0 0 0 0 0 0 0 0 0 0 0 0 0 0 0 ]
[ 0 0 0 0 0 0 0 0 0 0 0 0 0 0 0 0 0 0 0 0 0 0 0 0 902.815 -5962.61 -421.997 -2961.47 16781.4 2106.82 -802.496 -2076.23 -1383.34 -3977.4 7346.77 121.33 0 0 0 0 0 0 -466.885 -279.188 170.331 0 0 0 0 0 0 0 0 0 0 0 0 0 0 0 5515.59 -13181.3 -868.035 0 0 0 0 0 0 0 0 0 467.387 2921.7 -290.292 1322.45 -5550.59 565.181 0 0 0 0 0 0 0 0 0 0 0 0 0 0 0 0 0 0 0 0 0 0 0 0 0 0 0 0 0 0 0 0 0 0 0 0 0 0 0 0 0 0 0 0 0 0 0 0 ]
[ 0 0 0 0 0 0 0 0 0 0 0 0 0 0 0 0 0 0 0 0 0 0 0 0 -305.155 -730.044 -6074.54 134.172 2106.82 16850.2 -883.486 -1246.68 -2816.47 -209.825 292.725 3199.05 0 0 0 0 0 0 -412.14 12.8034 509.85 0 0 0 0 0 0 0 0 0 0 0 0 0 0 0 1356.62 -648.089 -10833 0 0 0 0 0 0 0 0 0 1019.39 -290.292 3976.9 -699.57 502.763 -4812.01 0 0 0 0 0 0 0 0 0 0 0 0 0 0 0 0 0 0 0 0 0 0 0 0 0 0 0 0 0 0 0 0 0 0 0 0 0 0 0 0 0 0 0 0 0 0 0 0 ]
[ 0 0 0 0 0 0 -2747.22 -31.4067 -1943.67 0 0 0 0 0 0 0 0 0 0 0 0 -1142.88 -144.747 -657.613 -2323.91 729.034 -1824.06 -1328.9 -802.496 -883.486 14884.9 2081.75 1411.75 0 0 0 -1346.89 -1354.39 -375.738 0 0 0 -1370.38 -50.3211 1340.37 0 0 0 0 0 0 0 0 0 0 0 0 0 0 0 -5076.48 -1271.95 1762.72 0 0 0 1198.65 989.384 1001.42 -746.888 -144.856 168.294 0 0 0 0 0 0 0 0 0 0 0 0 0 0 0 0 0 0 0 0 0 0 0 0 0 0 0 0 0 0 0 0 0 0 0 0 0 0 0 0 0 0 0 0 0 0 0 0 0 0 0 0 0 0 ]
[ 0 0 0 0 0 0 -45.7094 -2215.38 -624.986 0 0 0 0 0 0 0 0 0 0 0 0 -263.494 -560.259 -253.532 729.034 -282.175 939.409 -587.115 -2076.23 -1246.68 2081.75 10272.3 770.735 0 0 0 -1354.39 -2647.22 -36.2661 0 0 0 -144.538 -794.632 677.83 0 0 0 0 0 0 0 0 0 0 0 0 0 0 0 -1058.99 -1902.51 558.222 0 0 0 989.384 -136.053 -1109.02 -345.934 342.201 324.287 0 0 0 0 0 0 0 0 0 0 0 0 0 0 0 0 0 0 0 0 0 0 0 0 0 0 0 0 0 0 0 0 0 0 0 0 0 0 0 0 0 0 0 0 0 0 0 0 0 0 0 0 0 0 ]
[ 0 0 0 0 0 0 -2033.36 -422.143 -6803.18 0 0 0 0 0 0 0 0 0 0 0 0 -795.102 -115.239 -1801.95 -1824.06 939.409 -466.27 -686.463 -1383.34 -2816.47 1411.75 770.735 17067.8 0 0 0 -375.738 -36.2661 -166.123 0 0 0 1504.43 452.479 -3960.62 0 0 0 0 0 0 0 0 0 0 0 0 0 0 0 1736.15 645.28 -2052.53 0 0 0 1001.42 -1109.02 21.5154 60.959 258.097 977.875 0 0 0 0 0 0 0 0 0 0 0 0 0 0 0 0 0 0 0 0 0 0 0 0 0 0 0 0 0 0 0 0 0 0 0 0 0 0 0 0 0 0 0 0 0 0 0 0 0 0 0 0 0 0 ]
[ 0 0 0 0 0 0 0 0 0 998.532 -1589.3 1962.15 0 0 0 0 0 0 0 0 0 0 0 0 0 0 0 7237.12 -3977.4 -209.825 0 0 0 31576.9 -2576.89 594.342 0 0 0 0 0 0 0 0 0 0 0 0 0 0 0 0 0 0 0 0 0 0 0 0 -17542.1 3409.93 1424.18 -1167.89 1070.09 1169.26 0 0 0 0 0 0 -277.06 1441.69 -1185.84 -2966.45 2723.59 -384.769 -6246.57 -672.687 -884.669 0 0 0 0 0 0 0 0 0 -1606.22 253.404 -247.886 0 0 0 0 0 0 0 0 0 -5323.9 1320.92 -2866.25 -4682.38 -1403.35 629.312 0 0 0 0 0 0 0 0 0 0 0 0 0 0 0 0 0 0 ]
[ 0 0 0 0 0 0 0 0 0 -1589.3 2508.96 347.217 0 0 0 0 0 0 0 0 0 0 0 0 0 0 0 -4270.26 7346.77 292.725 0 0 0 -2576.89 30476.7 -2121.14 0 0 0 0 0 0 0 0 0 0 0 0 0 0 0 0 0 0 0 0 0 0 0 0 3018.18 -20244.8 1244.96 1070.09 -2294.43 -1777.97 0 0 0 0 0 0 1441.69 -1824.84 1191.88 2836.62 -3265.49 483.325 -672.687 -247.038 178.268 0 0 0 0 0 0 0 0 0 532.127 -4924.02 622.856 0 0 0 0 0 0 0 0 0 1251.29 -3252.21 633.643 -1040.86 -4279.58 -1095.77 0 0 0 0 0 0 0 0 0 0 0 0 0 0 0 0 0 0 ]
[ 0 0 0 0 0 0 0 0 0 1962.15 347.217 -258.365 0 0 0 0 0 0 0 0 0 0 0 0 0 0 0 -52.7404 121.33 3199.05 0 0 0 594.343 -2121.14 22278.6 0 0 0 0 0 0 0 0 0 0 0 0 0 0 0 0 0 0 0 0 0 0 0 0 1273.8 1364.17 -8855.05 1169.26 -1777.97 -1056.06 0 0 0 0 0 0 -1185.84 1191.88 -1174.6 -102.202 239.176 -3066.32 -884.669 178.268 552.028 0 0 0 0 0 0 0 0 0 -380.077 747.797 -1031.58 0 0 0 0 0 0 0 0 0 -3164.78 871.939 -5205.42 770.756 -1162.67 -5382.29 0 0 0 0 0 0 0 0 0 0 0 0 0 0 0 0 0 0 ]
[ 0 0 0 0 0 0 2280.61 -1194.81 1084.36 0 0 0 0 0 0 1118.84 1217.99 -1499.89 0 0 0 -2103.22 331.375 -358.936 -1009.41 -334.209 -749.496 0 0 0 -1346.89 -1354.39 -375.738 0 0 0 14332.1 -220.249 -1741.53 2011.72 94.9168 67.0895 -780.857 287.233 562.404 0 0 0 0 0 0 0 0 0 0 0 0 0 0 0 0 0 0 0 0 0 -5311.93 260.23 1863.09 -5149.88 1942.59 1925.81 0 0 0 0 0 0 0 0 0 -3692.9 -1010.01 -1018.99 -348.209 -20.651 241.819 0 0 0 0 0 0 0 0 0 0 0 0 0 0 0 0 0 0 0 0 0 0 0 0 0 0 0 0 0 0 0 0 0 0 0 0 0 0 0 ]
[ 0 0 0 0 0 0 -1194.81 -36.4731 1133.92 0 0 0 0 0 0 1217.99 612.55 723.245 0 0 0 331.375 -1915.18 523.577 -568.979 162.655 -296.012 0 0 0 -1354.39 -2647.22 -36.2661 0 0 0 -220.249 13578.6 600.969 94.9168 3315.12 124.495 418.11 -1241.47 -1354.33 0 0 0 0 0 0 0 0 0 0 0 0 0 0 0 0 0 0 0 0 0 -2.85117 -4245.68 -104.194 2013.04 -3751.36 -720.242 0 0 0 0 0 0 0 0 0 -845.694 -4167.63 -202.218 111.553 336.106 -392.948 0 0 0 0 0 0 0 0 0 0 0 0 0 0 0 0 0 0 0 0 0 0 0 0 0 0 0 0 0 0 0 0 0 0 0 0 0 0 0 ]
[ 0 0 0 0 0 0 1084.36 1133.92 50.1789 0 0 0 0 0 0 -1499.89 723.245 1176.81 0 0 0 -358.936 523.576 -280.445 -554.589 -162.735 572.539 0 0 0 -375.738 -36.2661 -166.123 0 0 0 -1741.53 600.969 11374.2 67.0895 124.495 -1625.15 600.965 -1022.96 -2748.28 0 0 0 0 0 0 0 0 0 0 0 0 0 0 0 0 0 0 0 0 0 2009.31 -499.31 -3128.98 1783.54 -421.962 -3511.74 0 0 0 0 0 0 0 0 0 -1071.63 -633.774 -2239.14 57.0389 -329.203 526.068 0 0 0 0 0 0 0 0 0 0 0 0 0 0 0 0 0 0 0 0 0 0 0 0 0 0 0 0 0 0 0 0 0 0 0 0 0 0 0 ]
[ -7595.95 -682.943 -3101.56 -2489.99 -290.556 -202.507 -1222.4 -2019.79 -1205.22 0 0 0 0 0 0 -2945.87 1305.23 1926.44 0 0 0 2095.89 229.415 182.864 0 0 0 0 0 0 0 0 0 0 0 0 2011.72 94.9169 67.0895 16757 -2.45877 2171.37 0 0 0 -3181.87 804.684 -2196.63 5715.27 -1127.23 3200.15 -374.151 299.598 -1000.85 -2863.61 1499.71 -941.268 0 0 0 0 0 0 0 0 0 -2565.29 678.341 -1322.55 0 0 0 0 0 0 0 0 0 0 0 0 -2442.27 -951.253 1097.29 0 0 0 0 0 0 0 0 0 1718.21 126.552 1137.78 0 0 0 0 0 0 0 0 0 0 0 0 0 0 0 0 0 0 0 0 0 0 0 0 0 0 0 -2616.65 35.785 187.598 ]
[ -825.765 -6239.39 613.81 -561.911 -230.943 -80.087 -2019.79 -1043.97 -1784.87 0 0 0 0 0 0 1305.23 -1264.53 -1302.47 0 0 0 229.415 589.194 -669.369 0 0 0 0 0 0 0 0 0 0 0 0 94.9168 3315.12 124.495 -2.45871 15984.1 590.082 0 0 0 804.684 -4196.7 634.021 -1127.23 3039.25 -1104.29 482.215 245.7 1160.11 1499.71 -5051.61 -533.876 0 0 0 0 0 0 0 0 0 493.615 -2654.25 216.917 0 0 0 0 0 0 0 0 0 0 0 0 -792.295 -3351.84 679.766 0 0 0 0 0 0 0 0 0 76.9626 996.849 1412.27 0 0 0 0 0 0 0 0 0 0 0 0 0 0 0 0 0 0 0 0 0 0 0 0 0 0 0 342.704 -136.996 43.4941 ]
[ -3345.24 490.859 -12402.2 -416.51 -75.4972 -189.982 -1205.22 -1784.87 -352.411 0 0 0 0 0 0 1926.44 -1302.47 -2390.06 0 0 0 182.864 -669.369 326.104 0 0 0 0 0 0 0 0 0 0 0 0 67.0895 124.495 -1625.15 2171.37 590.082 18031.6 0 0 0 -2196.63 634.021 -5436.23 3200.15 -1104.29 9674.79 -715.594 752.564 -251.365 -941.268 -533.876 -4706.46 0 0 0 0 0 0 0 0 0 -1422.96 629.307 -1807.14 0 0 0 0 0 0 0 0 0 0 0 0 1157.28 1147.07 -2398.5 0 0 0 0 0 0 0 0 0 1068.77 1053.37 3478.13 0 0 0 0 0 0 0 0 0 0 0 0 0 0 0 0 0 0 0 0 0 0 0 0 0 0 0 469.462 48.6098 48.8371 ]
[ 0 0 0 0 0 0 0 0 0 0 0 0 0 0 0 0 0 0 0 0 0 0 0 0 -1974.67 346.869 828.059 -116.299 -466.885 -412.14 -1370.38 -144.538 1504.43 0 0 0 -780.857 418.11 600.965 0 0 0 4102.51 -87.6365 -2005.57 0 0 0 0 0 0 0 0 0 0 0 0 0 0 0 0 0 0 0 0 0 0 0 0 139.696 -65.9191 -515.744 0 0 0 0 0 0 0 0 0 0 0 0 0 0 0 0 0 0 0 0 0 0 0 0 0 0 0 0 0 0 0 0 0 0 0 0 0 0 0 0 0 0 0 0 0 0 0 0 0 0 0 0 0 0 ]
[ 0 0 0 0 0 0 0 0 0 0 0 0 0 0 0 0 0 0 0 0 0 0 0 0 271.558 -599.411 -190.532 -329.753 -279.188 12.8034 -50.3211 -794.632 452.479 0 0 0 287.233 -1241.47 -1022.96 0 0 0 -87.6365 2795.96 604.655 0 0 0 0 0 0 0 0 0 0 0 0 0 0 0 0 0 0 0 0 0 0 0 0 -91.0808 118.743 143.551 0 0 0 0 0 0 0 0 0 0 0 0 0 0 0 0 0 0 0 0 0 0 0 0 0 0 0 0 0 0 0 0 0 0 0 0 0 0 0 0 0 0 0 0 0 0 0 0 0 0 0 0 0 0 ]
[ 0 0 0 0 0 0 0 0 0 0 0 0 0 0 0 0 0 0 0 0 0 0 0 0 1118.81 -307.94 -852.154 -244.833 170.331 509.85 1340.37 677.83 -3960.62 0 0 0 562.404 -1354.33 -2748.28 0 0 0 -2005.57 604.655 6863.57 0 0 0 0 0 0 0 0 0 0 0 0 0 0 0 0 0 0 0 0 0 0 0 0 -771.181 209.452 187.635 0 0 0 0 0 0 0 0 0 0 0 0 0 0 0 0 0 0 0 0 0 0 0 0 0 0 0 0 0 0 0 0 0 0 0 0 0 0 0 0 0 0 0 0 0 0 0 0 0 0 0 0 0 0 ]
[ 3788.5 -383.201 2913.16 0 0 0 -6893.55 1372.01 -3358.25 0 0 0 0 0 0 -2904.1 -1278.15 1347.46 0 0 0 7.87219 255.471 -366.786 0 0 0 0 0 0 0 0 0 0 0 0 0 0 0 -3181.87 804.684 -2196.63 0 0 0 16368.1 -1133.19 5303.5 -5537.45 196.565 -2335.43 0 0 0 -1647.47 165.815 -1307.03 0 0 0 0 0 0 0 0 0 0 0 0 0 0 0 0 0 0 0 0 0 0 0 0 0 0 0 0 0 0 0 0 0 0 0 0 0 0 0 0 0 0 0 0 0 0 0 0 0 0 0 0 0 0 0 0 0 0 0 0 0 0 0 0 0 0 0 0 0 ]
[ -383.201 3429.79 -1395.2 0 0 0 1591.39 -3557.11 1161.43 0 0 0 0 0 0 -1483.83 -1742.55 663.31 0 0 0 225.696 -1541.54 1317.91 0 0 0 0 0 0 0 0 0 0 0 0 0 0 0 804.684 -4196.7 634.021 0 0 0 -1133.19 12476.9 -3940.13 367.983 -4209.02 1559.08 0 0 0 10.4692 -659.814 -0.419678 0 0 0 0 0 0 0 0 0 0 0 0 0 0 0 0 0 0 0 0 0 0 0 0 0 0 0 0 0 0 0 0 0 0 0 0 0 0 0 0 0 0 0 0 0 0 0 0 0 0 0 0 0 0 0 0 0 0 0 0 0 0 0 0 0 0 0 0 0 ]
[ 2913.16 -1395.2 6638.7 0 0 0 -3273.07 1036.4 -5425.92 0 0 0 0 0 0 1331.47 535.457 -1428.58 0 0 0 -306.114 1169.62 -2450.59 0 0 0 0 0 0 0 0 0 0 0 0 0 0 0 -2196.63 634.021 -5436.23 0 0 0 5303.49 -3940.13 19458.5 -2340.61 1739.24 -8924.17 0 0 0 -1431.69 220.601 -2431.67 0 0 0 0 0 0 0 0 0 0 0 0 0 0 0 0 0 0 0 0 0 0 0 0 0 0 0 0 0 0 0 0 0 0 0 0 0 0 0 0 0 0 0 0 0 0 0 0 0 0 0 0 0 0 0 0 0 0 0 0 0 0 0 0 0 0 0 0 0 ]
[ -10081.5 1560.1 -4012.08 0 0 0 248.39 117.146 163.563 0 0 0 0 0 0 0 0 0 0 0 0 0 0 0 0 0 0 0 0 0 0 0 0 0 0 0 0 0 0 5715.27 -1127.23 3200.15 0 0 0 -5537.45 367.983 -2340.61 20895.6 98.7546 6565.59 0 0 0 -3622.54 -518.349 -1807.81 0 0 0 -1761.16 483.63 -1231.1 -632.763 1102.33 -412.753 0 0 0 0 0 0 0 0 0 0 0 0 0 0 0 0 0 0 0 0 0 -1046.85 -113.973 1887.19 0 0 0 -1162.39 -345.264 -1004.52 93.294 -49.2823 190.958 -600.263 460.22 -679.057 -2507.65 -2036.06 -519.519 0 0 0 0 0 0 0 0 0 0 0 0 0 0 0 0 0 0 0 0 0 ]
[ 1560.1 -13495.4 1382.43 0 0 0 41.2521 -1214.48 1176.36 0 0 0 0 0 0 0 0 0 0 0 0 0 0 0 0 0 0 0 0 0 0 0 0 0 0 0 0 0 0 -1127.23 3039.25 -1104.29 0 0 0 196.565 -4209.02 1739.24 98.7545 21990.4 -3305.84 0 0 0 -758.092 -1999.42 -567.955 0 0 0 662.42 -1715.89 1069.62 1102.33 2194.07 -364.885 0 0 0 0 0 0 0 0 0 0 0 0 0 0 0 0 0 0 0 0 0 -113.973 91.7805 716.024 0 0 0 -345.264 -1111.13 -1419.68 67.6088 -996.124 927.498 323.303 240.278 440.292 -1707.77 -2814.31 -688.812 0 0 0 0 0 0 0 0 0 0 0 0 0 0 0 0 0 0 0 0 0 ]
[ -4012.08 1382.43 -15904.4 0 0 0 237.395 949.695 -1008.62 0 0 0 0 0 0 0 0 0 0 0 0 0 0 0 0 0 0 0 0 0 0 0 0 0 0 0 0 0 0 3200.15 -1104.29 9674.79 0 0 0 -2335.43 1559.08 -8924.17 6565.59 -3305.84 31336.2 0 0 0 -1932.36 -538.908 -4036.81 0 0 0 -1054.16 863.358 -3264.74 -412.753 -364.885 2009.72 0 0 0 0 0 0 0 0 0 0 0 0 0 0 0 0 0 0 0 0 0 1887.19 716.024 -2010.73 0 0 0 -1004.52 -1419.68 -5849.94 133.241 1180.86 -879.959 -899.703 715.526 -652.902 -372.572 -633.351 -488.352 0 0 0 0 0 0 0 0 0 0 0 0 0 0 0 0 0 0 0 0 0 ]
[ 0 0 0 0 0 0 0 0 0 0 0 0 0 0 0 0 0 0 0 0 0 0 0 0 0 0 0 0 0 0 0 0 0 0 0 0 0 0 0 -374.151 482.215 -715.594 0 0 0 0 0 0 0 0 0 4289.24 454.476 1726.96 -2516.65 -417.968 -1492.81 -353.655 138.024 527.255 0 0 0 0 0 0 0 0 0 0 0 0 0 0 0 0 0 0 0 0 0 0 0 0 0 0 0 0 0 0 0 0 0 -1290.23 -165.271 -577.95 0 0 0 153.218 -407.628 200.152 0 0 0 0 0 0 0 0 0 0 0 0 0 0 0 0 0 0 0 0 0 92.2251 -83.8483 331.982 ]
[ 0 0 0 0 0 0 0 0 0 0 0 0 0 0 0 0 0 0 0 0 0 0 0 0 0 0 0 0 0 0 0 0 0 0 0 0 0 0 0 299.598 245.7 752.564 0 0 0 0 0 0 0 0 0 454.476 3441.11 997.224 -316.681 -2865.32 -1753.91 151.053 -244.572 -289.245 0 0 0 0 0 0 0 0 0 0 0 0 0 0 0 0 0 0 0 0 0 0 0 0 0 0 0 0 0 0 0 0 0 -275.6 -161.768 81.2714 0 0 0 -238.039 -464.347 -447.16 0 0 0 0 0 0 0 0 0 0 0 0 0 0 0 0 0 0 0 0 0 -74.8066 49.1985 659.252 ]
[ 0 0 0 0 0 0 0 0 0 0 0 0 0 0 0 0 0 0 0 0 0 0 0 0 0 0 0 0 0 0 0 0 0 0 0 0 0 0 0 -1000.85 1160.11 -251.365 0 0 0 0 0 0 0 0 0 1726.96 997.224 9757.19 -1287.53 -2102.18 -8902.96 785.497 -429.227 -216.321 0 0 0 0 0 0 0 0 0 0 0 0 0 0 0 0 0 0 0 0 0 0 0 0 0 0 0 0 0 0 0 0 0 -953.763 88.4926 25.247 0 0 0 227.161 -714.725 229.776 0 0 0 0 0 0 0 0 0 0 0 0 0 0 0 0 0 0 0 0 0 502.515 1000.31 -641.57 ]
[ 2383.12 655.285 1644.73 0 0 0 0 0 0 0 0 0 0 0 0 -1309.64 182.455 619.4 0 0 0 0 0 0 0 0 0 0 0 0 0 0 0 0 0 0 0 0 0 -2863.61 1499.71 -941.268 0 0 0 -1647.47 10.4692 -1431.69 -3622.54 -758.093 -1932.36 -2516.65 -316.681 -1287.53 12327.9 -133.024 2142.4 -2280.57 284.193 413.095 0 0 0 0 0 0 0 0 0 0 0 0 0 0 0 0 0 0 0 0 0 0 0 0 0 0 0 0 0 0 0 0 0 -656.31 -95.1948 1135.74 0 0 0 -496.121 -66.2934 -87.7356 0 0 0 0 0 0 0 0 0 0 0 0 0 0 0 0 0 0 0 0 0 681.859 -1262.83 -274.771 ]
[ 655.285 3103.73 493.445 0 0 0 0 0 0 0 0 0 0 0 0 43.9976 -1826.62 1146.86 0 0 0 0 0 0 0 0 0 0 0 0 0 0 0 0 0 0 0 0 0 1499.71 -5051.61 -533.876 0 0 0 165.815 -659.814 220.601 -518.349 -1999.42 -538.908 -417.968 -2865.32 -2102.18 -133.024 12509.9 832.684 -6.40846 -404.05 -43.8347 0 0 0 0 0 0 0 0 0 0 0 0 0 0 0 0 0 0 0 0 0 0 0 0 0 0 0 0 0 0 0 0 0 -95.1948 140.904 -628.794 0 0 0 68.9614 -1878.09 892.89 0 0 0 0 0 0 0 0 0 0 0 0 0 0 0 0 0 0 0 0 0 -1262.83 -1069.62 261.113 ]
[ 1644.73 493.445 7920.03 0 0 0 0 0 0 0 0 0 0 0 0 700.13 827.633 -5925.56 0 0 0 0 0 0 0 0 0 0 0 0 0 0 0 0 0 0 0 0 0 -941.268 -533.876 -4706.46 0 0 0 -1307.03 -0.419678 -2431.67 -1807.81 -567.955 -4036.81 -1492.81 -1753.91 -8902.96 2142.4 832.684 22708.5 392.829 -102.695 -1310.01 0 0 0 0 0 0 0 0 0 0 0 0 0 0 0 0 0 0 0 0 0 0 0 0 0 0 0 0 0 0 0 0 0 1135.74 -628.793 -3516.64 0 0 0 -192.139 1172.77 -963.511 0 0 0 0 0 0 0 0 0 0 0 0 0 0 0 0 0 0 0 0 0 -274.771 261.113 1165.06 ]
[ 0 0 0 0 0 0 0 0 0 0 0 0 -514.893 -156.876 -594.544 100.169 14.5912 -1109.67 0 0 0 0 0 0 0 0 0 0 0 0 0 0 0 0 0 0 0 0 0 0 0 0 0 0 0 0 0 0 0 0 0 -353.655 151.053 785.497 -2280.57 -6.40846 392.829 1.00005e+08 -2029.39 54.2621 0 0 0 0 0 0 0 0 0 0 0 0 0 0 0 0 0 0 0 0 0 0 0 0 0 0 0 0 0 0 0 0 0 0 0 0 0 0 0 0 0 0 0 0 0 0 0 0 0 0 0 0 0 0 0 0 0 0 0 0 679.247 -124.114 242.676 -2671.18 2151.14 228.946 ]
[ 0 0 0 0 0 0 0 0 0 0 0 0 -110.286 -109.363 756.68 211.293 741.381 426.493 0 0 0 0 0 0 0 0 0 0 0 0 0 0 0 0 0 0 0 0 0 0 0 0 0 0 0 0 0 0 0 0 0 138.024 -244.572 -429.227 284.193 -404.05 -102.695 -2029.39 1.00004e+08 -590.213 0 0 0 0 0 0 0 0 0 0 0 0 0 0 0 0 0 0 0 0 0 0 0 0 0 0 0 0 0 0 0 0 0 0 0 0 0 0 0 0 0 0 0 0 0 0 0 0 0 0 0 0 0 0 0 0 0 0 0 0 -307.787 -174.657 80.1777 1813.95 -3883.84 -141.215 ]
[ 0 0 0 0 0 0 0 0 0 0 0 0 -405.461 423.836 -1525.29 -960.044 231.127 913.309 0 0 0 0 0 0 0 0 0 0 0 0 0 0 0 0 0 0 0 0 0 0 0 0 0 0 0 0 0 0 0 0 0 527.255 -289.245 -216.321 413.095 -43.8347 -1310.01 54.2621 -590.213 1.00003e+08 0 0 0 0 0 0 0 0 0 0 0 0 0 0 0 0 0 0 0 0 0 0 0 0 0 0 0 0 0 0 0 0 0 0 0 0 0 0 0 0 0 0 0 0 0 0 0 0 0 0 0 0 0 0 0 0 0 0 0 0 351.296 135.561 143.615 19.5969 132.768 -1191.03 ]
[ 882.784 43.0388 -1096.78 748.059 -526.903 -418.841 -7419.92 -1546.17 -1404.02 0 0 0 0 0 0 0 0 0 -1654.34 2596.44 -50.9937 0 0 0 1447.18 503.319 -240.053 -11848.5 5515.59 1356.62 -5076.48 -1058.99 1736.15 -17542.1 3018.18 1273.8 0 0 0 0 0 0 0 0 0 0 0 0 -1761.16 662.42 -1054.16 0 0 0 0 0 0 0 0 0 42097.8 -4421.26 -1729.36 -3409.25 -382.854 2937.34 1584.3 -1509.14 500.821 0 0 0 -5160.16 388.815 -1857.9 6361.51 -3236.09 -673.431 0 0 0 0 0 0 0 0 0 0 0 0 0 0 0 0 0 0 0 0 0 0 0 0 750.258 -46.3859 720.801 0 0 0 0 0 0 0 0 0 0 0 0 0 0 0 0 0 0 0 0 0 ]
[ 43.0388 1908.83 -1340 -526.903 -1683.61 -1285.42 -1843.79 -2538.96 -527.92 0 0 0 0 0 0 0 0 0 2596.44 -2321.56 -278.568 0 0 0 503.319 -367.792 2761.24 5630.63 -13181.3 -648.089 -1271.95 -1902.51 645.28 3409.93 -20244.8 1364.17 0 0 0 0 0 0 0 0 0 0 0 0 483.63 -1715.89 863.358 0 0 0 0 0 0 0 0 0 -4421.26 38647.8 -1805.09 -382.854 41.5816 356.206 -1509.14 -1822.28 130.43 0 0 0 388.815 -459.113 -89.7824 -3236.09 6315.55 -1251.2 0 0 0 0 0 0 0 0 0 0 0 0 0 0 0 0 0 0 0 0 0 0 0 0 136.193 -675.911 1105.38 0 0 0 0 0 0 0 0 0 0 0 0 0 0 0 0 0 0 0 0 0 ]
[ -1096.78 -1340 -363.606 -418.84 -1285.42 -1275.62 -1476.76 -490.744 -1890.63 0 0 0 0 0 0 0 0 0 -50.9937 -278.568 702.121 0 0 0 -240.053 2761.24 -970.445 1561.26 -868.034 -10833 1762.72 558.222 -2052.53 1424.18 1244.96 -8855.05 0 0 0 0 0 0 0 0 0 0 0 0 -1231.1 1069.62 -3264.74 0 0 0 0 0 0 0 0 0 -1729.36 -1805.09 29788.1 2937.34 356.206 -3042.22 500.821 130.43 1790.65 0 0 0 -1857.9 -89.7824 -1607.24 -673.431 -1251.2 2619.5 0 0 0 0 0 0 0 0 0 0 0 0 0 0 0 0 0 0 0 0 0 0 0 0 588.9 1288.15 -745.374 0 0 0 0 0 0 0 0 0 0 0 0 0 0 0 0 0 0 0 0 0 ]
[ -3043.47 -1071.07 -865.838 -1311.15 -1425.43 551.626 0 0 0 348.61 -113.805 -164.687 0 0 0 0 0 0 -958.27 -919.439 660.507 0 0 0 0 0 0 0 0 0 0 0 0 -1167.89 1070.09 1169.26 0 0 0 0 0 0 0 0 0 0 0 0 -632.763 1102.33 -412.753 0 0 0 0 0 0 0 0 0 -3409.25 -382.854 2937.34 11175.5 -20.7396 -1838.05 0 0 0 0 0 0 263.221 66.7983 146.423 0 0 0 1673.07 -362.503 -611.159 0 0 0 0 0 0 -1339.48 442.932 -1412.75 0 0 0 0 0 0 0 0 0 0 0 0 -1598.09 1613.69 -159.922 0 0 0 0 0 0 0 0 0 0 0 0 0 0 0 0 0 0 0 0 0 ]
[ -947.767 -1705.13 -285.798 -1229.62 -1463.33 164.944 0 0 0 -544.198 -2156.52 877.556 0 0 0 0 0 0 -568.065 -3030.44 1658.06 0 0 0 0 0 0 0 0 0 0 0 0 1070.09 -2294.43 -1777.97 0 0 0 0 0 0 0 0 0 0 0 0 1102.33 2194.07 -364.885 0 0 0 0 0 0 0 0 0 -382.854 41.5815 356.206 -20.7396 11401 -1810.62 0 0 0 0 0 0 250.685 289.856 319.098 0 0 0 -766.358 616.226 -844.849 0 0 0 0 0 0 422.81 -1273.32 1426.45 0 0 0 0 0 0 0 0 0 0 0 0 1613.69 -2619.56 281.808 0 0 0 0 0 0 0 0 0 0 0 0 0 0 0 0 0 0 0 0 0 ]
[ -563.487 -312.752 -1553.73 668.396 356.946 -153.547 0 0 0 4.58519 624.122 -328.366 0 0 0 0 0 0 450.412 1921.03 -2493.27 0 0 0 0 0 0 0 0 0 0 0 0 1169.26 -1777.97 -1056.06 0 0 0 0 0 0 0 0 0 0 0 0 -412.753 -364.885 2009.72 0 0 0 0 0 0 0 0 0 2937.34 356.206 -3042.22 -1838.05 -1810.62 11338.1 0 0 0 0 0 0 -329.524 466.09 -2631.02 0 0 0 -910.008 -879.356 1001.75 0 0 0 0 0 0 -1016.25 1139.37 -3640.77 0 0 0 0 0 0 0 0 0 0 0 0 -159.922 281.808 549.432 0 0 0 0 0 0 0 0 0 0 0 0 0 0 0 0 0 0 0 0 0 ]
[ 0 0 0 -634.735 -189.345 720.654 -1339.79 1796.38 -1320.25 0 0 0 0 0 0 0 0 0 -4314.7 -871.288 162.219 0 0 0 -1345.23 -380.733 -1338.97 0 0 0 1198.65 989.384 1001.42 0 0 0 -5311.93 -2.85117 2009.31 -2565.28 493.615 -1422.96 0 0 0 0 0 0 0 0 0 0 0 0 0 0 0 0 0 0 1584.29 -1509.14 500.821 0 0 0 12230.9 -106.729 -328.453 0 0 0 0 0 0 0 0 0 0 0 0 497.834 -219.299 16.2078 0 0 0 0 0 0 0 0 0 0 0 0 0 0 0 0 0 0 0 0 0 0 0 0 0 0 0 0 0 0 0 0 0 0 0 0 0 0 0 0 0 0 ]
[ 0 0 0 -299.715 -1727.53 1818.63 1796.38 -1609.27 851.204 0 0 0 0 0 0 0 0 0 -1319.1 -1059.34 -78.9364 0 0 0 -593.369 -875.615 -966.799 0 0 0 989.384 -136.053 -1109.02 0 0 0 260.23 -4245.68 -499.31 678.341 -2654.25 629.307 0 0 0 0 0 0 0 0 0 0 0 0 0 0 0 0 0 0 -1509.14 -1822.28 130.43 0 0 0 -106.729 11091.5 -820.798 0 0 0 0 0 0 0 0 0 0 0 0 103.706 3038.49 45.2826 0 0 0 0 0 0 0 0 0 0 0 0 0 0 0 0 0 0 0 0 0 0 0 0 0 0 0 0 0 0 0 0 0 0 0 0 0 0 0 0 0 0 ]
[ 0 0 0 751.053 1420.57 -4502.5 -1320.25 851.204 -81.5164 0 0 0 0 0 0 0 0 0 208.03 -61.6623 -588.085 0 0 0 -1376.97 -592.701 -3158.87 0 0 0 1001.42 -1109.02 21.5155 0 0 0 1863.09 -104.194 -3128.98 -1322.55 216.917 -1807.14 0 0 0 0 0 0 0 0 0 0 0 0 0 0 0 0 0 0 500.821 130.43 1790.65 0 0 0 -328.453 -820.798 10669.2 0 0 0 0 0 0 0 0 0 0 0 0 23.804 69.2457 785.682 0 0 0 0 0 0 0 0 0 0 0 0 0 0 0 0 0 0 0 0 0 0 0 0 0 0 0 0 0 0 0 0 0 0 0 0 0 0 0 0 0 0 ]
[ 0 0 0 0 0 0 0 0 0 0 0 0 -860.149 85.9819 -708.594 -2024.23 70.6307 1377.95 0 0 0 -1327.94 -134.86 987.078 0 0 0 0 0 0 -746.888 -345.934 60.959 0 0 0 -5149.88 2013.04 1783.54 0 0 0 139.696 -91.0808 -771.181 0 0 0 0 0 0 0 0 0 0 0 0 0 0 0 0 0 0 0 0 0 0 0 0 9910.89 -869.637 -2914.64 0 0 0 0 0 0 0 0 0 831.869 -62.3752 -325.16 -773.364 -665.763 510.05 0 0 0 0 0 0 0 0 0 0 0 0 0 0 0 0 0 0 0 0 0 0 0 0 0 0 0 0 0 0 0 0 0 0 0 0 0 0 0 ]
[ 0 0 0 0 0 0 0 0 0 0 0 0 -108.68 332.486 -64.8533 79.607 -1633.08 -45.7193 0 0 0 7.40668 -452.321 -10.4828 0 0 0 0 0 0 -144.856 342.201 258.097 0 0 0 1942.59 -3751.36 -421.962 0 0 0 -65.9191 118.743 209.452 0 0 0 0 0 0 0 0 0 0 0 0 0 0 0 0 0 0 0 0 0 0 0 0 -869.637 7646.08 775.975 0 0 0 0 0 0 0 0 0 -62.3752 -1125.83 -1802.81 -778.132 -1476.92 1102.31 0 0 0 0 0 0 0 0 0 0 0 0 0 0 0 0 0 0 0 0 0 0 0 0 0 0 0 0 0 0 0 0 0 0 0 0 0 0 0 ]
[ 0 0 0 0 0 0 0 0 0 0 0 0 -918.697 71.2538 85.0473 1244.31 277.499 -5261.75 0 0 0 935.149 173.361 -1765.16 0 0 0 0 0 0 168.294 324.287 977.875 0 0 0 1925.81 -720.242 -3511.74 0 0 0 -515.744 143.551 187.635 0 0 0 0 0 0 0 0 0 0 0 0 0 0 0 0 0 0 0 0 0 0 0 0 -2914.64 775.975 10843.9 0 0 0 0 0 0 0 0 0 -325.16 -1802.81 -834.457 400.678 757.128 -721.341 0 0 0 0 0 0 0 0 0 0 0 0 0 0 0 0 0 0 0 0 0 0 0 0 0 0 0 0 0 0 0 0 0 0 0 0 0 0 0 ]
[ 0 0 0 0 0 0 0 0 0 0 0 0 0 0 0 0 0 0 -971.002 -1526.33 -566.54 0 0 0 -2216.03 -1624.81 827.797 78.6279 467.387 1019.39 0 0 0 -277.06 1441.69 -1185.84 0 0 0 0 0 0 0 0 0 0 0 0 0 0 0 0 0 0 0 0 0 0 0 0 -5160.16 388.815 -1857.9 263.221 250.685 -329.524 0 0 0 0 0 0 10537.4 527.324 538.083 -2271.85 795.111 1096.95 -2867.8 -1631.93 899.991 0 0 0 0 0 0 0 0 0 0 0 0 0 0 0 0 0 0 0 0 0 0 0 0 2884.65 912.055 -442.406 0 0 0 0 0 0 0 0 0 0 0 0 0 0 0 0 0 0 ]
[ 0 0 0 0 0 0 0 0 0 0 0 0 0 0 0 0 0 0 -1055.68 -1888.15 -782.775 0 0 0 -1237.02 -2564.67 486.447 467.387 2921.7 -290.292 0 0 0 1441.69 -1824.84 1191.88 0 0 0 0 0 0 0 0 0 0 0 0 0 0 0 0 0 0 0 0 0 0 0 0 388.815 -459.113 -89.7824 66.7983 289.856 466.09 0 0 0 0 0 0 527.324 9520.28 -677.476 654.393 -2944.22 -1387.21 -2165.77 -3578.55 940.415 0 0 0 0 0 0 0 0 0 0 0 0 0 0 0 0 0 0 0 0 0 0 0 0 912.055 527.713 142.709 0 0 0 0 0 0 0 0 0 0 0 0 0 0 0 0 0 0 ]
[ 0 0 0 0 0 0 0 0 0 0 0 0 0 0 0 0 0 0 -454.044 -949.939 -902.884 0 0 0 376.015 464.624 -3115.83 1019.39 -290.292 3976.9 0 0 0 -1185.84 1191.88 -1174.6 0 0 0 0 0 0 0 0 0 0 0 0 0 0 0 0 0 0 0 0 0 0 0 0 -1857.9 -89.7824 -1607.24 146.423 319.098 -2631.02 0 0 0 0 0 0 538.083 -677.476 9889.48 671.137 -1089.55 -3931.19 1189.14 978.73 -3364.79 0 0 0 0 0 0 0 0 0 0 0 0 0 0 0 0 0 0 0 0 0 0 0 0 -442.406 142.709 2861.16 0 0 0 0 0 0 0 0 0 0 0 0 0 0 0 0 0 0 ]
[ 0 0 0 0 0 0 0 0 0 0 0 0 0 0 0 0 0 0 0 0 0 0 0 0 774.169 -122.924 319.163 -5442.5 1322.45 -699.57 0 0 0 -2966.45 2836.62 -102.202 0 0 0 0 0 0 0 0 0 0 0 0 0 0 0 0 0 0 0 0 0 0 0 0 6361.51 -3236.09 -673.431 0 0 0 0 0 0 0 0 0 -2271.85 654.393 671.137 6291.03 -497.223 -535.669 178.672 100.689 768.955 0 0 0 0 0 0 0 0 0 0 0 0 0 0 0 0 0 0 0 0 0 0 0 0 -2556.68 -770.094 257.512 0 0 0 -367.905 -287.815 -5.89461 0 0 0 0 0 0 0 0 0 0 0 0 ]
[ 0 0 0 0 0 0 0 0 0 0 0 0 0 0 0 0 0 0 0 0 0 0 0 0 -63.15 369.275 -172.265 1070.29 -5550.59 502.763 0 0 0 2723.59 -3265.49 239.176 0 0 0 0 0 0 0 0 0 0 0 0 0 0 0 0 0 0 0 0 0 0 0 0 -3236.09 6315.55 -1251.2 0 0 0 0 0 0 0 0 0 795.111 -2944.22 -1089.55 -497.223 6914.09 809.36 52.8166 894.779 325.762 0 0 0 0 0 0 0 0 0 0 0 0 0 0 0 0 0 0 0 0 0 0 0 0 -566.49 -1725.24 621.42 0 0 0 -278.844 -1008.16 14.5374 0 0 0 0 0 0 0 0 0 0 0 0 ]
[ 0 0 0 0 0 0 0 0 0 0 0 0 0 0 0 0 0 0 0 0 0 0 0 0 280.828 -558.534 2909.94 -1071.52 565.181 -4812.01 0 0 0 -384.769 483.325 -3066.32 0 0 0 0 0 0 0 0 0 0 0 0 0 0 0 0 0 0 0 0 0 0 0 0 -673.431 -1251.2 2619.5 0 0 0 0 0 0 0 0 0 1096.95 -1387.21 -3931.19 -535.669 809.36 8873.84 1117.46 372.229 558.343 0 0 0 0 0 0 0 0 0 0 0 0 0 0 0 0 0 0 0 0 0 0 0 0 116.668 792.786 -3092 0 0 0 53.4788 174.069 -60.095 0 0 0 0 0 0 0 0 0 0 0 0 ]
[ 0 0 0 0 0 0 0 0 0 617.279 197.238 -887.47 0 0 0 0 0 0 0 0 0 0 0 0 0 0 0 0 0 0 0 0 0 -6246.57 -672.687 -884.669 0 0 0 0 0 0 0 0 0 0 0 0 0 0 0 0 0 0 0 0 0 0 0 0 0 0 0 1673.07 -766.358 -910.008 0 0 0 0 0 0 -2867.8 -2165.77 1189.14 178.672 52.8166 1117.46 15897.4 608.018 -686.419 0 0 0 0 0 0 0 0 0 -823.703 1190.77 -644.414 0 0 0 0 0 0 0 0 0 0 0 0 -8199.45 871.004 1217.33 113.986 385.715 -9.55795 -342.866 299.256 498.605 0 0 0 0 0 0 0 0 0 0 0 0 ]
[ 0 0 0 0 0 0 0 0 0 25.8879 61.5791 539.489 0 0 0 0 0 0 0 0 0 0 0 0 0 0 0 0 0 0 0 0 0 -672.687 -247.038 178.268 0 0 0 0 0 0 0 0 0 0 0 0 0 0 0 0 0 0 0 0 0 0 0 0 0 0 0 -362.503 616.226 -879.356 0 0 0 0 0 0 -1631.93 -3578.55 978.73 100.689 894.779 372.229 608.018 10372.8 -680.947 0 0 0 0 0 0 0 0 0 838.157 -1813.19 894.01 0 0 0 0 0 0 0 0 0 0 0 0 871.004 -3474.86 -439.727 134.976 -1207.11 -135.7 88.39 -1624.68 -826.998 0 0 0 0 0 0 0 0 0 0 0 0 ]
[ 0 0 0 0 0 0 0 0 0 -456.873 510.903 -1160.26 0 0 0 0 0 0 0 0 0 0 0 0 0 0 0 0 0 0 0 0 0 -884.669 178.268 552.029 0 0 0 0 0 0 0 0 0 0 0 0 0 0 0 0 0 0 0 0 0 0 0 0 0 0 0 -611.159 -844.849 1001.75 0 0 0 0 0 0 899.991 940.415 -3364.79 768.955 325.762 558.343 -686.419 -680.947 9545.4 0 0 0 0 0 0 0 0 0 -501.516 865.694 -473.28 0 0 0 0 0 0 0 0 0 0 0 0 1217.33 -439.727 -5465.61 -39.8572 -173.733 -80.2039 294.222 -681.786 -1113.38 0 0 0 0 0 0 0 0 0 0 0 0 ]
[ 0 0 0 0 0 0 0 0 0 0 0 0 -878.493 2003.54 371.385 61.2842 -925.373 94.5776 0 0 0 0 0 0 0 0 0 0 0 0 0 0 0 0 0 0 -3692.9 -845.694 -1071.63 -2442.27 -792.295 1157.28 0 0 0 0 0 0 0 0 0 0 0 0 0 0 0 0 0 0 0 0 0 0 0 0 497.834 103.706 23.804 831.869 -62.3752 -325.16 0 0 0 0 0 0 0 0 0 10092.9 1275.95 157.829 -417.446 74.3826 878.443 0 0 0 0 0 0 0 0 0 0 0 0 0 0 0 0 0 0 0 0 0 0 0 0 0 0 0 -2502.06 -1217.42 215.212 0 0 0 0 0 0 -1550.7 385.579 -1501.74 ]
[ 0 0 0 0 0 0 0 0 0 0 0 0 2003.54 -614.565 -530.394 -925.373 -3347.64 1208.42 0 0 0 0 0 0 0 0 0 0 0 0 0 0 0 0 0 0 -1010.01 -4167.63 -633.774 -951.253 -3351.84 1147.07 0 0 0 0 0 0 0 0 0 0 0 0 0 0 0 0 0 0 0 0 0 0 0 0 -219.299 3038.49 69.2457 -62.3752 -1125.83 -1802.81 0 0 0 0 0 0 0 0 0 1275.95 11750.9 -459.387 183.019 -30.5961 -143.718 0 0 0 0 0 0 0 0 0 0 0 0 0 0 0 0 0 0 0 0 0 0 0 0 0 0 0 -894.143 -1011.7 104.021 0 0 0 0 0 0 599.948 -1139.62 1041.33 ]
[ 0 0 0 0 0 0 0 0 0 0 0 0 371.386 -530.394 876.57 94.5776 1208.42 416.594 0 0 0 0 0 0 0 0 0 0 0 0 0 0 0 0 0 0 -1018.99 -202.218 -2239.14 1097.29 679.766 -2398.5 0 0 0 0 0 0 0 0 0 0 0 0 0 0 0 0 0 0 0 0 0 0 0 0 16.2078 45.2826 785.682 -325.16 -1802.81 -834.457 0 0 0 0 0 0 0 0 0 157.829 -459.387 9420.89 832.152 178.989 -2493.89 0 0 0 0 0 0 0 0 0 0 0 0 0 0 0 0 0 0 0 0 0 0 0 0 0 0 0 222.558 139.767 -598.383 0 0 0 0 0 0 -1447.85 742.59 -2935.36 ]
[ 0 0 0 0 0 0 0 0 0 0 0 0 48.188 575.672 -338.617 0 0 0 0 0 0 0 0 0 0 0 0 0 0 0 0 0 0 0 0 0 -348.209 111.553 57.0389 0 0 0 0 0 0 0 0 0 0 0 0 0 0 0 0 0 0 0 0 0 0 0 0 0 0 0 0 0 0 -773.364 -778.132 400.678 0 0 0 0 0 0 0 0 0 -417.446 183.019 832.152 1.00003e+08 577.368 -244.671 0 0 0 0 0 0 0 0 0 0 0 0 0 0 0 0 0 0 0 0 0 0 0 0 0 0 0 -756.592 -585.751 -710.966 -717.353 -83.7293 4.38541 0 0 0 0 0 0 ]
[ 0 0 0 0 0 0 0 0 0 0 0 0 536.164 -533.621 914.07 0 0 0 0 0 0 0 0 0 0 0 0 0 0 0 0 0 0 0 0 0 -20.651 336.106 -329.203 0 0 0 0 0 0 0 0 0 0 0 0 0 0 0 0 0 0 0 0 0 0 0 0 0 0 0 0 0 0 -665.763 -1476.92 757.128 0 0 0 0 0 0 0 0 0 74.3826 -30.5961 178.989 577.368 1.00002e+08 -904.487 0 0 0 0 0 0 0 0 0 0 0 0 0 0 0 0 0 0 0 0 0 0 0 0 0 0 0 -414.039 -592.558 -623.161 -87.4621 -149.127 6.6644 0 0 0 0 0 0 ]
[ 0 0 0 0 0 0 0 0 0 0 0 0 -445.427 1242.61 -1251.61 0 0 0 0 0 0 0 0 0 0 0 0 0 0 0 0 0 0 0 0 0 241.819 -392.948 526.068 0 0 0 0 0 0 0 0 0 0 0 0 0 0 0 0 0 0 0 0 0 0 0 0 0 0 0 0 0 0 510.05 1102.31 -721.341 0 0 0 0 0 0 0 0 0 878.443 -143.718 -2493.89 -244.671 -904.487 1.00005e+08 0 0 0 0 0 0 0 0 0 0 0 0 0 0 0 0 0 0 0 0 0 0 0 0 0 0 0 -788.937 -887.955 -985.162 -151.278 -15.8087 114.85 0 0 0 0 0 0 ]
[ 200.853 -547.745 281.487 0 0 0 0 0 0 -320.183 -242.937 -553.308 0 0 0 0 0 0 0 0 0 0 0 0 0 0 0 0 0 0 0 0 0 0 0 0 0 0 0 0 0 0 0 0 0 0 0 0 -1046.85 -113.973 1887.19 0 0 0 0 0 0 0 0 0 0 0 0 -1339.48 422.81 -1016.25 0 0 0 0 0 0 0 0 0 0 0 0 0 0 0 0 0 0 0 0 0 6486.7 -248.291 421.553 0 0 0 -1862.07 -410.652 -1019.61 -1223.03 1179.21 -187.263 0 0 0 -895.935 -38.4218 186.201 0 0 0 0 0 0 0 0 0 0 0 0 0 0 0 0 0 0 0 0 0 ]
[ -427.766 -838.796 213.93 0 0 0 0 0 0 -330.245 -679.597 -268.374 0 0 0 0 0 0 0 0 0 0 0 0 0 0 0 0 0 0 0 0 0 0 0 0 0 0 0 0 0 0 0 0 0 0 0 0 -113.973 91.7805 716.024 0 0 0 0 0 0 0 0 0 0 0 0 442.932 -1273.32 1139.37 0 0 0 0 0 0 0 0 0 0 0 0 0 0 0 0 0 0 0 0 0 -248.291 6129.05 2.11523 0 0 0 -373.104 -449.493 -236.868 1088.87 -1737.4 305.425 0 0 0 -38.4218 -1242.22 -1871.62 0 0 0 0 0 0 0 0 0 0 0 0 0 0 0 0 0 0 0 0 0 ]
