7 7
0.000389882 -4.89304e-11 1.61895e-09 -9.31275e-10 9.44609e-10 -3.47136e-09 -8.44877e-11 
-4.89304e-11 0.000389882 7.65224e-10 -3.50314e-09 -8.14739e-10 -1.18778e-09 -6.75941e-10 
1.61895e-09 7.65224e-10 0.00038988 4.79167e-11 2.11083e-10 -1.82785e-09 8.99071e-11 
-9.31275e-10 -3.50314e-09 4.79167e-11 0.000389884 -1.96579e-10 2.76739e-10 4.37449e-10 
9.44609e-10 -8.14739e-10 2.11083e-10 -1.96579e-10 0.000389882 5.8385e-10 1.73319e-09 
-3.47136e-09 -1.18778e-09 -1.82785e-09 2.76739e-10 5.8385e-10 0.000389885 2.68774e-09 
-8.44877e-11 -6.75941e-10 8.99071e-11 4.37449e-10 1.73319e-09 2.68774e-09 0.000389882 
